[gd_scene load_steps=4 format=3 uid="uid://t8yxocpueoc0"]

[ext_resource type="PackedScene" uid="uid://84ihv4d8tmcs" path="res://meshes/fruit_bush.tscn" id="1_rlcgj"]
[ext_resource type="PackedScene" uid="uid://o4g3wspclumy" path="res://items/interactables/pickupable_fruit.tscn" id="2_od575"]

[sub_resource type="ConvexPolygonShape3D" id="ConvexPolygonShape3D_efdtp"]
points = PackedVector3Array(-0.000799, -0.134658, -0.0204297, -0.260942, -0.046459, -0.216815, 0.0468474, -0.0510139, -0.342416, 0.303994, -0.0837262, -0.0476111, 0.146171, -0.0892127, 0.298045, -0.247093, -0.0607447, 0.156589, -0.472096, 0.133873, -0.016579, -0.410496, 0.161202, -0.301417, -0.192108, 0.133976, -0.467676, 0.0221457, 0.171347, -0.547635, 0.25459, 0.0815952, -0.440042, 0.505742, 0.0965021, -0.0718477, 0.488068, 0.0247627, 0.262596, 0.214178, 0.0900839, 0.484577, -0.0848263, 0.10292, 0.473252, -0.363987, 0.197331, 0.292722, -0.505686, 0.403025, -0.14116, -0.448221, 0.445571, 0.221145, -0.350241, 0.403439, -0.413653, -0.115109, 0.420623, -0.57357, 0.138833, 0.399712, -0.586255, 0.41882, 0.360892, -0.307759, 0.550184, 0.303749, 0.151719, 0.375205, 0.275178, 0.439502, 0.09191, 0.31348, 0.570765, -0.190868, 0.417725, 0.504057, -0.420005, 0.638119, 0.0722135, -0.39675, 0.668243, -0.222138, -0.238101, 0.679527, 0.385139, -0.149526, 0.667001, -0.435851, 0.105346, 0.735634, -0.466997, 0.326732, 0.691742, -0.367672, 0.380373, 0.522901, 0.337345, 0.414273, 0.629009, 0.0316679, 0.186273, 0.564723, 0.453432, -0.0194028, 0.592052, 0.502698, -0.221254, 0.838947, 0.0666639, -0.0674627, 0.872902, -0.253283, -0.0318054, 0.823523, 0.316959, 0.217899, 0.892053, -0.157016, 0.213765, 0.790604, 0.251271, 0.0206987, 0.922799, 0.0448056)

[node name="FruitBush" type="StaticBody3D"]
collision_layer = 64
collision_mask = 0

[node name="FruitBush" parent="." instance=ExtResource("1_rlcgj")]

[node name="CollisionShape3D" type="CollisionShape3D" parent="."]
shape = SubResource("ConvexPolygonShape3D_efdtp")

[node name="Fruits" type="Node3D" parent="."]

[node name="PickupableFruit" parent="Fruits" instance=ExtResource("2_od575")]
transform = Transform3D(0.912392, -0.409318, 0, 0.409318, 0.912392, 0, 0, 0, 1, 0.42791, 0.581279, 0)

[node name="PickupableFruit2" parent="Fruits" instance=ExtResource("2_od575")]
transform = Transform3D(0.912392, -0.409318, 0, 0.368886, 0.822266, -0.43336, 0.177382, 0.395394, 0.901221, -0.106022, 0.566225, -0.488326)

[node name="PickupableFruit3" parent="Fruits" instance=ExtResource("2_od575")]
transform = Transform3D(0.959639, 0.13358, -0.247486, -0.21824, 0.908746, -0.355741, 0.177382, 0.395394, 0.901221, -0.478302, 0.369861, 0.107392)

[node name="PickupableFruit4" parent="Fruits" instance=ExtResource("2_od575")]
transform = Transform3D(0.83909, 0.417756, -0.348436, -0.468598, 0.229737, -0.853017, -0.276304, 0.879034, 0.388529, -0.170621, 0.566225, 0.453773)

[node name="PickupableFruit5" parent="Fruits" instance=ExtResource("2_od575")]
transform = Transform3D(0.851245, 0.470412, 0.232581, -0.467754, 0.881077, -0.070065, -0.237881, -0.0491481, 0.97005, 0.236721, 0.42404, 0.456315)

[node name="PickupableFruit6" parent="Fruits" instance=ExtResource("2_od575")]
transform = Transform3D(0.483528, 0.321445, 0.81417, -0.147492, 0.946751, -0.286195, -0.862813, 0.0182996, 0.505192, 0.29634, 0.398066, -0.437014)
